0 0 1 0.46455 0 0 1 0.461452 0 0 1 0.459625 0 0 1 0.45762 0 0 1 0.455411 0 0 1 0.452966 0 0 0.947019 0.450246 0 0 0.894318 0.447205 0 0 0.841986 0.443785 0 0 0.790093 0.439914 0 0 0.738734 0.435501 0 0 0 0.430434 0 0 0 0.424567 0 0 0 0.417716 0 0 0 0.409644 0 0 0 0.400046 0 0 0 0.388541 0 0 0 0.374659 0 0 0 0.35787 0 0 0 0.337665 
0 0 1 0.473225 0 0 1 0.470517 0 0 0.981173 0.468857 0 0 0.92674 0.467003 0 0 0.87245 0.464916 0 0 0.818329 0.462554 0 0 0.764414 0.459857 0 0 0.710752 0.456752 0 0 0 0.453142 0 0 0 0.448897 0 0 0 0.443841 0 0 0 0.437731 0 0 0 0.430225 0 0 0 0.420831 0 0 0 0.408832 0 0 0 0.393185 0 0 0 0.372416 0 0 0 0.344698 0 0 0 0.308576 0 0 0 0.264979 
0 0 0.843464 0.420838 0 0 0.737682 0.47506 0 0 0 0.473039 0 0 0 0.470666 0 0 0 0.467841 0 0 0 0.464424 0 0 0 0.460211 0 0 0 0.454898 0 0 0 0.448004 0 0 0 0.438745 0 0 0 0.425763 0 0 0 0.406588 0 0 0 0.376649 0 0 0 0.376649 0 0 0 0.376649 0 0 0 0.376649 0 0 0 0.376649 0 0 0 0.376649 0 0 0 0.376649 0 0 0 0.376649 
0 0 1 0.488897 0 0 1 0.487745 0 0 0.969321 0.487044 0 0 0.91396 0.486257 0 0 0.858625 0.485369 0 0 0.80332 0.484359 0 0 0.748052 0.483199 0 0 0 0.481854 0 0 0 0.480277 0 0 0 0.4784 0 0 0 0.476133 0 0 0 0.473338 0 0 0 0.469812 0 0 0 0.465226 0 0 0 0.459035 0 0 0 0.450249 0 0 0 0.436915 0 0 0 0.414735 0 0 0 0.373365 0 0 0 0.292685 
0 0 0.958966 -0.47939 0 0 0.871839 -0.478365 0 0 0.816831 -0.476898 0 0 0.761903 -0.47522 0 0 0.707072 -0.473281 0 0 0 -0.471016 0 0 0 -0.468337 0 0 0 -0.465122 0 0 0 -0.461194 0 0 0 -0.456293 0 0 0 -0.450023 0 0 0 -0.441746 0 0 0 -0.430392 0 0 0 -0.414069 0 0 0 -0.38932 0 0 0 -0.350163 0 0 0 -0.290168 0 0 0 -0.216699 0 0 0 -0.154677 0 0 0 -0.113722 
0 0 0.386648 -0.497227 0 0 0 -0.496753 0 0 0 -0.496427 0 0 0 -0.496028 0 0 0 -0.495529 0 0 0 -0.494886 0 0 0 -0.494027 0 0 0 -0.492821 0 0 0 -0.491007 0 0 0 -0.487966 0 0 0 -0.487966 0 0 0 -0.487966 0 0 0 -0.487966 0 0 0 -0.487966 0 0 0 -0.487966 0 0 0 -0.487966 0 0 0 -0.487966 0 0 0 -0.487966 0 0 0 -0.487966 0 0 0 -0.487966 
0 0 1 0.475068 0 0 1 0.473004 0 0 1 0.471795 0 0 1 0.470474 0 0 1 0.469026 0 0 1 0.467429 0 0 1 0.465662 0 0 0.962517 0.463695 0 0 0.908487 0.461494 0 0 0.854653 0.459015 0 0 0.801054 0.456204 0 0 0.747741 0.45299 0 0 0.694779 0.449286 0 0 0 0.444972 0 0 0 0.439895 0 0 0 0.433845 0 0 0 0.426537 0 0 0 0.417576 0 0 0 0.406411 0 0 0 0.392278 
0 0 1 0.49386 0 0 1 0.493218 0 0 0.954793 0.492824 0 0 0.899298 0.492381 0 0 0.84381 0.491879 0 0 0.788332 0.491307 0 0 0.732866 0.490648 0 0 0 0.489882 0 0 0 0.488979 0 0 0 0.487899 0 0 0 0.486585 0 0 0 0.484952 0 0 0 0.482868 0 0 0 0.480118 0 0 0 0.476323 0 0 0 0.470758 0 0 0 0.46184 0 0 0 0.4454 0 0 0 0.406847 0 0 0 0.284157 
0 0 1 -0.496304 0 0 1 -0.495958 0 0 1 -0.495751 0 0 1 -0.495521 0 0 0.971819 -0.495265 0 0 0.91629 -0.494978 0 0 0.860764 -0.494654 0 0 0.805242 -0.494285 0 0 0.749725 -0.493862 0 0 0 -0.493371 0 0 0 -0.492795 0 0 0 -0.492108 0 0 0 -0.491278 0 0 0 -0.490253 0 0 0 -0.488955 0 0 0 -0.487258 0 0 0 -0.484948 0 0 0 -0.48162 0 0 0 -0.476415 0 0 0 -0.467154 
0 0 1 0.456951 0 0 1 0.453147 0 0 1 0.450903 0 0 1 0.448441 0 0 1 0.445729 0 0 0.985704 0.442729 0 0 0.933912 0.439394 0 0 0.882577 0.435671 0 0 0.831786 0.43149 0 0 0.781642 0.426768 0 0 0.732281 0.421406 0 0 0 0.415276 0 0 0 0.408224 0 0 0 0.400061 0 0 0 0.390557 0 0 0 0.379438 0 0 0 0.366396 0 0 0 0.351112 0 0 0 0.333317 0 0 0 0.312899 
