0 0 1 -0.110571 0 1 1 -0.205015 1 1 1 -0.42431 0 1 1 0.388596 0 -1 1 0.470541 1 -1 1 -0.246134 1 0 1 -0.476469 1 1 1 0.00187543 1 0 0.765647 0.484987 1 0 0.656628 0.482604 1 0 0.601434 0.481 1 0 0.546313 0.479073 1 0 0.491291 0.476713 1 0 0.436404 0.473759 1 0 0.38171 0.469957 1 0 0.327307 0.464887 0 0 0 0.457806 0 0 0 0.447279 0 0 0 0.430197 0 0 0 0.398887 
0 0 1 -0.110571 0 1 1 -0.221681 1 1 1 -0.44245 1 0 1 -0.439893 1 1 1 -0.471282 1 0 1 -0.471668 1 1 1 -0.493524 1 0 0.363427 -0.47638 0 0 0 -0.467232 0 0 0 -0.467232 0 0 0 -0.467232 0 0 0 -0.467232 0 0 0 -0.467232 0 0 0 -0.467232 0 0 0 -0.467232 0 0 0 -0.467232 0 0 0 -0.467232 0 0 0 -0.467232 0 0 0 -0.467232 0 0 0 -0.467232 
0 0 1 -0.110571 1 0 1 -0.108487 1 1 1 -0.427152 1 0 1 -0.424352 1 1 1 -0.450164 1 0 1 -0.449926 1 1 1 -0.481752 1 0 1 -0.486219 1 1 1 0.366277 1 0 0.890845 0.378418 1 0 0.816631 0.364033 1 0 0.78127 0.355494 1 0 0.748366 0.346175 1 0 0.718257 0.336038 1 0 0.691309 0.325063 1 0 0.667904 0.313259 1 0 0.648426 0.300673 1 0 0.633237 0.287396 1 0 0.622652 0.273568 1 0 0.616908 0.259374 
0 0 1 -0.110571 0 1 1 -0.166132 1 1 1 -0.493675 1 0 0.639977 -0.488109 1 0 0.529538 -0.485793 1 0 0.474229 -0.48413 1 0 0.418986 -0.482029 1 0 0.363838 -0.479291 1 0 0.308837 -0.475576 0 0 0.308837 -0.475576 0 0 0.308837 -0.475576 0 0 0.308837 -0.475576 0 0 0.308837 -0.475576 0 0 0.308837 -0.475576 0 0 0.308837 -0.475576 0 0 0.308837 -0.475576 0 0 0.308837 -0.475576 0 0 0.308837 -0.475576 0 0 0.308837 -0.475576 0 0 0.308837 -0.475576 
0 0 1 -0.110571 0 1 1 -0.166132 1 1 1 -0.493675 1 0 0.98651 -0.492655 1 0 0.917534 -0.491808 1 0 0.862057 -0.49128 1 0 0.80659 -0.49068 1 0 0.751137 -0.489991 1 0 0.6957 -0.489192 1 0 0.640283 -0.488255 1 0 0.584893 -0.48714 1 0 0.529538 -0.485793 1 0 0.474229 -0.48413 1 0 0.418986 -0.482029 1 0 0.363838 -0.479291 1 0 0.308837 -0.475576 0 0 0 -0.470255 0 0 0 -0.462026 0 0 0 -0.447729 0 0 0 -0.417678 
0 0 1 -0.110571 0 1 1 -0.149503 1 1 1 -0.459087 1 0 1 -0.459635 1 1 1 -0.481259 1 0 1 -0.482341 1 1 1 0.364865 1 0 1 0.455357 1 -1 1 0.473069 1 0 0.827296 0.450155 1 0 0.72507 0.44305 1 0 0.673315 0.43845 1 0 0.622215 0.433089 1 0 0.571946 0.426778 1 0 0.52275 0.419265 1 0 0.474957 0.410217 1 0 0.429039 0.399189 1 0 0.385665 0.385602 1 0 0.345793 0.368734 1 0 0.310776 0.347779 
0 0 1 -0.110571 0 1 1 -0.155037 1 1 1 -0.492311 1 0 1 -0.482358 1 0 1 -0.480582 1 0 1 -0.479506 1 0 0.945296 -0.478305 1 0 0.890288 -0.476956 1 0 0.835352 -0.475428 1 0 0.780504 -0.473686 1 0 0.725764 -0.471681 1 0 0.671158 -0.469349 1 0 0.616721 -0.466605 1 0 0.562503 -0.46333 1 0 0.508574 -0.459359 1 0 0.455036 -0.45445 1 0 0.402046 -0.44824 1 0 0.349853 -0.440161 1 0 0.298876 -0.42929 0 0 0 -0.414056 
0 0 1 -0.110571 0 1 1 -0.149503 1 1 1 -0.486164 1 0 1 -0.488556 1 1 1 0.45629 1 0 1 0.455531 1 -1 1 0.471204 1 0 1 0.468234 1 -1 1 0.494434 1 0 0.613889 0.498628 1 0 0.503012 0.498347 1 0 0.44746 0.498142 1 0 0.391909 0.497879 1 0 0.33636 0.497528 1 0 0.280813 0.497039 0 0 0 0.496309 0 0 0 0.495101 0 0 0 0.492719 0 0 0 0.485836 0 0 0 0.332701 
0 0 1 -0.110571 0 1 1 -0.160582 1 1 1 0.245894 1 0 1 0.463925 1 -1 1 0.483496 1 0 0.94038 0.473314 1 0 0.84763 0.470005 1 0 0.793126 0.467916 1 0 0.73878 0.46552 1 0 0.684628 0.462744 1 0 0.630719 0.459492 1 0 0.577124 0.455634 1 0 0.523936 0.45099 1 0 0.471295 0.445302 1 0 0.419407 0.438196 1 0 0.368589 0.429108 1 0 0.319353 0.417168 0 0 0 0.401009 0 0 0 0.378506 0 0 0 0.346688 
0 0 1 -0.110571 0 1 1 -0.149503 1 1 1 -0.486164 1 0 1 -0.478953 1 1 1 -0.490749 1 0 1 -0.486748 1 1 1 0.00166465 1 0 0.335665 0.490841 0 0 0 0.486861 0 0 0 0.482559 0 0 0 0.474104 0 0 0 0.450255 0 0 0 0.265453 0 0 0 0.0528524 0 0 0 0.0267345 0 0 0 0.017819 0 0 0 0.0133522 0 0 0 0.0106732 0 0 0 0.0106732 0 0 0 0.0106732 
